9.960784316062927246e-01 0.000000000000000000e+00 1.000000000000000000e+00
9.614846110343933105e-01 0.000000000000000000e+00 1.000000000000000000e+00
9.268907308578491211e-01 0.000000000000000000e+00 1.000000000000000000e+00
8.922969102859497070e-01 0.000000000000000000e+00 1.000000000000000000e+00
8.577030897140502930e-01 0.000000000000000000e+00 1.000000000000000000e+00
8.231092691421508789e-01 0.000000000000000000e+00 1.000000000000000000e+00
7.885153889656066895e-01 0.000000000000000000e+00 1.000000000000000000e+00
7.539215683937072754e-01 0.000000000000000000e+00 1.000000000000000000e+00
7.193277478218078613e-01 0.000000000000000000e+00 1.000000000000000000e+00
6.847338676452636719e-01 0.000000000000000000e+00 1.000000000000000000e+00
6.501400470733642578e-01 0.000000000000000000e+00 1.000000000000000000e+00
6.155462265014648438e-01 0.000000000000000000e+00 1.000000000000000000e+00
5.809524059295654297e-01 0.000000000000000000e+00 1.000000000000000000e+00
5.463585257530212402e-01 0.000000000000000000e+00 1.000000000000000000e+00
5.117647051811218262e-01 0.000000000000000000e+00 1.000000000000000000e+00
4.771708548069000244e-01 0.000000000000000000e+00 1.000000000000000000e+00
4.425770342350006104e-01 0.000000000000000000e+00 1.000000000000000000e+00
4.079831838607788086e-01 0.000000000000000000e+00 1.000000000000000000e+00
3.733893632888793945e-01 0.000000000000000000e+00 1.000000000000000000e+00
3.387955129146575928e-01 0.000000000000000000e+00 1.000000000000000000e+00
3.042016923427581787e-01 0.000000000000000000e+00 1.000000000000000000e+00
2.696078419685363770e-01 0.000000000000000000e+00 1.000000000000000000e+00
2.350140064954757690e-01 0.000000000000000000e+00 1.000000000000000000e+00
2.004201710224151611e-01 0.000000000000000000e+00 1.000000000000000000e+00
1.658263355493545532e-01 0.000000000000000000e+00 1.000000000000000000e+00
1.312325000762939453e-01 0.000000000000000000e+00 1.000000000000000000e+00
9.663865715265274048e-02 0.000000000000000000e+00 1.000000000000000000e+00
6.204481795430183411e-02 0.000000000000000000e+00 1.000000000000000000e+00
2.745098061859607697e-02 0.000000000000000000e+00 1.000000000000000000e+00
2.607843093574047089e-02 5.000000074505805969e-02 1.000000000000000000e+00
2.470588311553001404e-02 1.000000014901161194e-01 1.000000000000000000e+00
2.333333343267440796e-02 1.500000059604644775e-01 1.000000000000000000e+00
2.196078374981880188e-02 2.000000029802322388e-01 1.000000000000000000e+00
2.058823592960834503e-02 2.500000000000000000e-01 1.000000000000000000e+00
1.921568624675273895e-02 3.000000119209289551e-01 1.000000000000000000e+00
1.784313656389713287e-02 3.499999940395355225e-01 1.000000000000000000e+00
1.647058874368667603e-02 4.000000059604644775e-01 1.000000000000000000e+00
1.509803906083106995e-02 4.499999880790710449e-01 1.000000000000000000e+00
1.372549030929803848e-02 5.000000000000000000e-01 1.000000000000000000e+00
1.235294155776500702e-02 5.500000119209289551e-01 1.000000000000000000e+00
1.098039187490940094e-02 6.000000238418579102e-01 1.000000000000000000e+00
9.607843123376369476e-03 6.499999761581420898e-01 1.000000000000000000e+00
8.235294371843338013e-03 6.999999880790710449e-01 1.000000000000000000e+00
6.862745154649019241e-03 7.500000000000000000e-01 1.000000000000000000e+00
5.490195937454700470e-03 8.000000119209289551e-01 1.000000000000000000e+00
4.117647185921669006e-03 8.500000238418579102e-01 1.000000000000000000e+00
2.745097968727350235e-03 8.999999761581420898e-01 1.000000000000000000e+00
1.372548984363675117e-03 9.499999880790710449e-01 1.000000000000000000e+00
0.000000000000000000e+00 1.000000000000000000e+00 1.000000000000000000e+00
6.666667014360427856e-02 1.000000000000000000e+00 1.000000000000000000e+00
1.333333402872085571e-01 1.000000000000000000e+00 1.000000000000000000e+00
2.000000029802322388e-01 1.000000000000000000e+00 1.000000000000000000e+00
2.666666805744171143e-01 1.000000000000000000e+00 1.000000000000000000e+00
3.333333432674407959e-01 1.000000000000000000e+00 1.000000000000000000e+00
4.000000059604644775e-01 1.000000000000000000e+00 1.000000000000000000e+00
4.666666686534881592e-01 1.000000000000000000e+00 1.000000000000000000e+00
5.333333611488342285e-01 1.000000000000000000e+00 1.000000000000000000e+00
6.000000238418579102e-01 1.000000000000000000e+00 1.000000000000000000e+00
6.666666865348815918e-01 1.000000000000000000e+00 1.000000000000000000e+00
7.333333492279052734e-01 1.000000000000000000e+00 1.000000000000000000e+00
8.000000119209289551e-01 1.000000000000000000e+00 1.000000000000000000e+00
8.666666746139526367e-01 1.000000000000000000e+00 1.000000000000000000e+00
9.333333373069763184e-01 1.000000000000000000e+00 1.000000000000000000e+00
1.000000000000000000e+00 1.000000000000000000e+00 1.000000000000000000e+00
1.000000000000000000e+00 9.980676174163818359e-01 9.565217494964599609e-01
1.000000000000000000e+00 9.961352944374084473e-01 9.130434989929199219e-01
1.000000000000000000e+00 9.942029118537902832e-01 8.695651888847351074e-01
1.000000000000000000e+00 9.922705292701721191e-01 8.260869383811950684e-01
1.000000000000000000e+00 9.903381466865539551e-01 7.826086878776550293e-01
1.000000000000000000e+00 9.884058237075805664e-01 7.391304373741149902e-01
1.000000000000000000e+00 9.864734411239624023e-01 6.956521868705749512e-01
1.000000000000000000e+00 9.845410585403442383e-01 6.521739363670349121e-01
1.000000000000000000e+00 9.826086759567260742e-01 6.086956262588500977e-01
1.000000000000000000e+00 9.806763529777526855e-01 5.652173757553100586e-01
1.000000000000000000e+00 9.787439703941345215e-01 5.217391252517700195e-01
1.000000000000000000e+00 9.768115878105163574e-01 4.782608747482299805e-01
1.000000000000000000e+00 9.748792052268981934e-01 4.347825944423675537e-01
1.000000000000000000e+00 9.729468822479248047e-01 3.913043439388275146e-01
1.000000000000000000e+00 9.710144996643066406e-01 3.478260934352874756e-01
1.000000000000000000e+00 9.690821170806884766e-01 3.043478131294250488e-01
1.000000000000000000e+00 9.671497344970703125e-01 2.608695626258850098e-01
1.000000000000000000e+00 9.652174115180969238e-01 2.173912972211837769e-01
1.000000000000000000e+00 9.632850289344787598e-01 1.739130467176437378e-01
1.000000000000000000e+00 9.613526463508605957e-01 1.304347813129425049e-01
1.000000000000000000e+00 9.594202637672424316e-01 8.695652335882186890e-02
1.000000000000000000e+00 9.574879407882690430e-01 4.347826167941093445e-02
1.000000000000000000e+00 9.555555582046508789e-01 0.000000000000000000e+00
1.000000000000000000e+00 9.339557886123657227e-01 0.000000000000000000e+00
1.000000000000000000e+00 9.123560786247253418e-01 0.000000000000000000e+00
1.000000000000000000e+00 8.907563090324401855e-01 0.000000000000000000e+00
1.000000000000000000e+00 8.691565394401550293e-01 0.000000000000000000e+00
1.000000000000000000e+00 8.475568294525146484e-01 0.000000000000000000e+00
1.000000000000000000e+00 8.259570598602294922e-01 0.000000000000000000e+00
1.000000000000000000e+00 8.043572902679443359e-01 0.000000000000000000e+00
1.000000000000000000e+00 7.827575802803039551e-01 0.000000000000000000e+00
1.000000000000000000e+00 7.611578106880187988e-01 0.000000000000000000e+00
1.000000000000000000e+00 7.395580410957336426e-01 0.000000000000000000e+00
1.000000000000000000e+00 7.179583311080932617e-01 0.000000000000000000e+00
1.000000000000000000e+00 6.963585615158081055e-01 0.000000000000000000e+00
1.000000000000000000e+00 6.747587919235229492e-01 0.000000000000000000e+00
1.000000000000000000e+00 6.531590819358825684e-01 0.000000000000000000e+00
1.000000000000000000e+00 6.315593123435974121e-01 0.000000000000000000e+00
1.000000000000000000e+00 6.099595427513122559e-01 0.000000000000000000e+00
1.000000000000000000e+00 5.883598327636718750e-01 0.000000000000000000e+00
1.000000000000000000e+00 5.667600631713867188e-01 0.000000000000000000e+00
1.000000000000000000e+00 5.451602935791015625e-01 0.000000000000000000e+00
1.000000000000000000e+00 5.235605835914611816e-01 0.000000000000000000e+00
1.000000000000000000e+00 5.019608139991760254e-01 0.000000000000000000e+00
1.000000000000000000e+00 4.768627882003784180e-01 0.000000000000000000e+00
1.000000000000000000e+00 4.517647325992584229e-01 0.000000000000000000e+00
1.000000000000000000e+00 4.266666769981384277e-01 0.000000000000000000e+00
1.000000000000000000e+00 4.015686511993408203e-01 0.000000000000000000e+00
1.000000000000000000e+00 3.764706254005432129e-01 0.000000000000000000e+00
1.000000000000000000e+00 3.513725697994232178e-01 0.000000000000000000e+00
1.000000000000000000e+00 3.262745141983032227e-01 0.000000000000000000e+00
1.000000000000000000e+00 3.011764883995056152e-01 0.000000000000000000e+00
1.000000000000000000e+00 2.760784626007080078e-01 0.000000000000000000e+00
1.000000000000000000e+00 2.509804069995880127e-01 0.000000000000000000e+00
1.000000000000000000e+00 2.258823662996292114e-01 0.000000000000000000e+00
1.000000000000000000e+00 2.007843255996704102e-01 0.000000000000000000e+00
1.000000000000000000e+00 1.756862848997116089e-01 0.000000000000000000e+00
1.000000000000000000e+00 1.505882441997528076e-01 0.000000000000000000e+00
1.000000000000000000e+00 1.254902034997940063e-01 0.000000000000000000e+00
1.000000000000000000e+00 1.003921627998352051e-01 0.000000000000000000e+00
1.000000000000000000e+00 7.529412209987640381e-02 0.000000000000000000e+00
1.000000000000000000e+00 5.019608139991760254e-02 0.000000000000000000e+00
1.000000000000000000e+00 2.509804069995880127e-02 0.000000000000000000e+00
1.000000000000000000e+00 0.000000000000000000e+00 0.000000000000000000e+00
